# Apos pre-tx (input que vai pro encode TCF):
057012140000
057012140001
057012140002
057012140003
057012140004
057012140005
057012140006
057012140007
057012140008
057012140009
057012140010
057012140011
057012140012
057012140013
057012140014
057012140015
057012140016
057012140017
057012140018
057012140019
057012140020
057012140021
057012140022
057012140023
057012140024
057012140025
057012140026
057012140027
057012140028
057012140029
057012140030
057012140031
057012140032
057012140033
057012140034
057012140035
057012140036
057012140037
057012140038
057012140039
057012140040
057012140041
057012140042
057012140043
057012140044
057012140045
057012140046
057012140047
057012140048
057012140049
