# Apos pre-tx (input que vai pro encode TCF):
057012140000
057012140001
057012140002
057012140003
057012140004
057012140005
057012140006
057012140007
057012140008
057012140009
057012140010
057012140011
057012140012
057012140013
057012140014
057012140015
057012140016
057012140017
057012140018
057012140019
057012140020
057012140021
057012140022
057012140023
057012140024
057012140025
057012140026
057012140027
057012140028
057012140029
057012140030
057012140031
057012140032
057012140033
057012140034
057012140035
057012140036
057012140037
057012140038
057012140039
057012140040
057012140041
057012140042
057012140043
057012140044
057012140045
057012140046
057012140047
057012140048
057012140049
057012140050
057012140051
057012140052
057012140053
057012140054
057012140055
057012140056
057012140057
057012140058
057012140059
057012140060
057012140061
057012140062
057012140063
057012140064
057012140065
057012140066
057012140067
057012140068
057012140069
057012140070
057012140071
057012140072
057012140073
057012140074
057012140075
057012140076
057012140077
057012140078
057012140079
057012140080
057012140081
057012140082
057012140083
057012140084
057012140085
057012140086
057012140087
057012140088
057012140089
057012140090
057012140091
057012140092
057012140093
057012140094
057012140095
057012140096
057012140097
057012140098
057012140099
125114071000
125114071001
125114071002
125114071003
125114071004
125114071005
125114071006
125114071007
125114071008
125114071009
125114071010
125114071011
125114071012
125114071013
125114071014
125114071015
125114071016
125114071017
125114071018
125114071019
125114071020
125114071021
125114071022
125114071023
125114071024
125114071025
125114071026
125114071027
125114071028
125114071029
125114071030
125114071031
125114071032
125114071033
125114071034
125114071035
125114071036
125114071037
125114071038
125114071039
125114071040
125114071041
125114071042
125114071043
125114071044
125114071045
125114071046
125114071047
125114071048
125114071049
125114071050
125114071051
125114071052
125114071053
125114071054
125114071055
125114071056
125114071057
125114071058
125114071059
125114071060
125114071061
125114071062
125114071063
125114071064
125114071065
125114071066
125114071067
125114071068
125114071069
125114071070
125114071071
125114071072
125114071073
125114071074
125114071075
125114071076
125114071077
125114071078
125114071079
125114071080
125114071081
125114071082
125114071083
125114071084
125114071085
125114071086
125114071087
125114071088
125114071089
125114071090
125114071091
125114071092
125114071093
125114071094
125114071095
125114071096
125114071097
125114071098
125114071099
