# TCF v0.4 lv=smart
## adult-1k n=1000 sort_by=age
age:
10*17
12*18
19*19
16*20
21*21
27*22
39*23
30*24
18*25
23*26
20*27
16*28
28*29
24*30
20*31
29*32
37*33
30*34
30*35
23*36
29*37
31*38
24*39
24*40
24*41
31*42
18*43
27*44
25*45
21*46
24*47
21*48
17*49
24*50
18*51
9*52
13*53
14*54
10*55
15*56
9*57
8*58
15*59
10*60
5*61
5*62
8*63
6*64
3*65
8*66
3*67
5*68
4*69
2*70
71
6*72
2*73
74
75
3*76
78
2*80
90
workclass: dict=Federal-gov,Local-gov,None,Private,Self-emp-inc,Self-emp-not-inc,State-gov
3*3
2
13*3
2
8*3
2
2*3
2
3
2
8*3
1
3
2
3
2
0
4*3
1
3
2
7*3
2
5*3
1
20*3
6
6*3
0
3
1
9*3
5
3*3
2*2
5*3
2
3
5
26*3
1
2*3
5
6
2*3
6
3*3
0
3
5
2*3
0
7*3
5
3*3
1
4*3
2
3*3
4
9*3
6
4*3
4
6
3*3
4
8*3
1
5*3
6
5*3
6
5
3
2
6
0
5*3
6
3
5
6
7*3
1
4*3
2*1
7*3
5
4*3
5
13*3
0
3
5
6
3
6
11*3
1
5*3
6
3
6
4
5*3
5
11*3
5
2*3
6
0
2*3
2
6
2*3
2
3
1
6
2*3
5
3*3
5
3*3
0
4*3
5
3*3
1
5
3
1
6*3
4
3
2
3
0
7*3
0
1
2*3
5
3*3
1
2*3
1
6
3
4
2*3
1
15*3
4
2*3
5
11*3
5
3*3
1
3
2
2*3
6
3
1
12*3
0
10*3
2*6
7*3
5
2*3
1
3*3
1
3
2*4
3
0
3
6
0
3
4
3
5
3*3
4
5*3
5
0
2*3
1
3
4
3
1
2*3
0
6*3
1
21*3
1
2*3
5
1
5
2*3
1
10*3
5
3
0
3
6
1
5
3
6
5
3
4
2*3
4
3*3
1
3
5
2
3
1
5
3
0
4*3
5
3
2*5
3*3
2*6
4
3
4
1
3
5
2*3
5
3
0
1
3
5
14*3
4
3*3
5
3
5
3*3
1
0
7*3
0
3
5
4
4*3
2
5
3
5
2*3
0
6
0
1
3
5
4*3
0
4
6*3
1
2*3
2
6*3
2*1
2*3
5
3
1
3
1
2*3
6
2*3
6
3
0
2*3
5
7*3
6
4*3
1
5
2*3
6
5*3
2*5
3
5
1
5
4*3
1
4*3
1
6
2*3
0
6
3
1
0
5
6
6*3
4
2*3
6
2
5
2*3
5
3
4
2*3
4
4*3
1
6
3
2
3
4
3*3
6
3
1
3*3
2*1
3
1
5
2
3
4
3
0
2
5
3*3
5
4
2
2*3
1
10*3
1
4*3
1
3*3
2*0
1
3
0
3
5
4*3
3*1
3*3
0
3
5
3*3
5
2
3
6
3
0
3
0
2*3
0
4
2
2*3
1
2*5
2*3
2*5
2*3
5
6
3
2*1
5
3
1
3
4
2*3
5
7*3
4
2
2*3
5
2
1
4*3
0
3
5
8*3
4
1
2
5
6
2
3*3
1
5
4
4*3
6
2*3
2*2
4
5
1
2*3
2
5*3
3*2
4
2*3
2
1
3
5
2*2
3
2
2*5
0
2*3
2
6
5
3*3
1
3
2
5
3
2*5
2
3
1
3*3
2
3
1
2*3
2
fnlwgt:
150471
507492
124661
40299
263746
297246
127366
152696
113301
116626
179020
262118
182701
184101
263024
120029
401051
343161
400616
60981
192485
165532
96866
205953
66619
118306
372665
311293
105460
117201
171306
217769
304643
205829
307496
607799
552354
323810
238474
220101
243960
233198
216672
333838
190290
26585
239577
214238
130959
233624
243178
296618
43587
131852
117767
153583
155775
542610
216867
37514
231286
100345
315470
60552
321369
312956
596776
177125
191243
121023
117210
197182
219086
47541
25265
203894
143604
119156
236427
248446
212803
198956
191789
225531
372898
157783
269623
22966
445758
122272
151105
152878
269474
154422
209131
356567
211129
46645
167787
198244
264874
99829
186573
232985
388247
32732
121568
247090
198368
437940
38455
214542
86939
162282
197387
205865
161708
196816
257621
258298
102729
528616
148315
268145
117583
287681
177526
161708
150463
187513
72887
99543
109307
194723
38238
335570
76432
111450
141272
347292
91733
55215
436798
265077
206827
190293
174413
161092
197200
151818
161783
137591
124971
165201
190143
258120
180060
29591
47791
172047
698418
216181
283918
353010
194096
276851
235722
141040
35603
488541
83374
373718
216469
127753
197822
261419
158734
139863
401241
177812
176864
32275
302465
86745
298225
191921
282612
88922
201737
470203
353795
193787
427744
413846
252563
331861
142760
220499
316688
239303
114483
248776
191393
384276
52839
273876
320465
33610
322614
224426
34803
194352
73392
306513
90277
104993
167501
199118
261278
101597
207631
199118
43652
155057
271243
37302
46868
204074
312692
257124
119793
419146
37250
279580
200928
293628
398220
236471
134813
39232
30070
194690
162343
47168
67661
199998
149991
392487
138692
31935
119287
400074
149988
121040
166320
209173
30069
351324
337953
85572
162298
277788
183627
148550
290740
337505
198997
207064
161155
244566
341846
338270
87523
136077
119004
178649
444304
60722
112403
42900
144949
345122
352045
176471
182271
352105
113433
111415
179446
133602
188403
155659
349148
77266
509500
158420
211654
94245
270886
108247
115426
209691
54318
213307
223376
111567
163594
83446
153078
208657
164309
113364
115488
253354
145791
144949
703107
329874
446512
195750
227146
106437
221167
400061
459465
172402
27051
72630
259425
37070
199046
159537
107843
256609
134886
340940
217296
71151
77634
295282
116834
37210
94041
190784
37232
223212
53206
118551
402361
143604
198183
309513
208855
114639
180656
255004
156464
177695
190027
393702
255058
118500
143653
221196
159322
78707
176711
117963
163392
234542
231826
182714
126414
221966
80058
202046
124827
205152
162572
391122
154874
116508
280111
520078
216145
175412
112900
162623
138142
108023
126584
137900
119079
233727
111567
234096
158242
225548
82623
117983
297094
238912
110978
208043
25322
236861
31740
169527
156464
434463
169564
209297
544268
205733
157289
177639
379798
42900
167893
240988
95708
269323
185084
272742
153832
233533
122747
45880
194668
85799
174503
304252
89508
451940
343403
180342
49352
170617
308945
314897
186886
87556
166416
219546
253006
287658
233571
189092
379959
185848
414910
253627
122493
133454
161141
187847
224531
51100
172538
181382
114988
199947
76767
36397
195385
269042
250238
549174
252231
90159
170376
109133
410034
222450
170861
141584
178877
224566
343052
216149
199816
257295
379522
40955
227545
348960
22201
468713
111128
99233
111129
170174
187748
46385
188774
415500
161141
146398
99357
171968
162834
213274
415578
259972
173804
233571
314007
160086
325538
85399
152307
104236
65291
169872
313914
193026
412296
166988
255454
34996
170020
129102
36989
242559
698363
193961
82552
131808
301743
123833
167440
143123
177140
141584
167482
186934
197150
126569
226947
65624
102953
337778
19914
174330
57424
140752
326342
135020
98587
56269
113481
164733
231141
366757
30916
365739
163628
121718
149102
220821
244835
158796
121772
270324
105717
33658
220589
195520
199303
177027
142444
213821
114580
209344
236021
193144
124747
321187
311534
107762
193537
22419
120277
36651
118001
130760
180572
173938
113823
336643
120539
115849
144594
200574
287306
175674
185132
48997
187322
93227
193882
99212
174491
211731
83953
478373
91585
34161
324421
201520
142049
174295
209301
251239
602513
183319
219155
390781
385591
156580
125461
341204
187795
74949
145711
230684
242564
23813
208726
174112
572751
82297
100800
79531
66118
315971
212027
115511
145175
55764
167151
182254
85995
159549
281422
309932
155106
190786
113211
64048
351576
172364
145711
402718
177461
242434
30424
234767
268039
367819
259307
195212
257395
174575
63042
483201
152629
179136
133853
201924
306440
64632
184105
249332
227065
113324
247880
165346
151089
110908
40666
120131
184441
126876
168191
32356
272442
461725
186375
272792
111381
338105
133969
67716
160472
195554
166181
204057
161954
101299
116163
129371
127089
176917
380127
274200
188950
265097
224314
207807
263727
133169
207940
201217
179048
29696
110151
179869
358533
116952
125892
103538
149388
285750
250821
211226
95155
209146
195688
101299
148169
106252
115070
168109
287320
160131
265275
158924
168262
72880
97419
61885
284871
105381
60267
204377
103406
162302
139268
142581
28419
182655
204629
102359
48384
158451
135525
195554
168262
213140
156926
329778
200471
47343
248164
31141
63466
246891
125892
128460
117849
220618
182211
149218
157991
327258
123207
31339
32212
154451
199378
216734
102945
178215
199763
306289
194189
187370
148431
392668
191598
237356
221532
98975
256908
145879
139347
181139
199995
37913
260579
177896
240374
104501
98980
281504
221336
171199
301583
41890
371305
52565
295538
135388
214840
169182
111721
158948
123011
112310
43354
136121
204447
360131
115066
197163
134808
123053
168660
138514
243616
149508
192390
202930
49243
43705
37289
152795
146567
109982
380086
263925
106176
191025
102828
260106
324021
99064
608184
95519
162381
110977
149596
32454
60449
320012
137069
249352
42924
133963
138179
312897
117674
114674
35459
75235
119751
138594
154274
284526
449576
158641
289257
115457
184702
278228
36990
33115
221801
172618
168625
208431
115439
274111
247337
571017
212864
323639
183884
157525
104945
37394
82676
186202
256630
80149
113974
127728
249977
195176
168887
153551
190541
142158
56392
126991
310014
150031
222081
59469
124137
159770
160271
117299
169982
223131
117059
31137
176011
202682
131916
95283
53481
113080
96660
169015
191024
168223
97030
141580
166330
26721
389254
202384
185640
113544
115023
124242
78273
185503
160062
136314
201928
150389
231777
54052
271550
150079
163708
37792
126540
45776
239450
104973
166843
270333
208862
263125
191380
115922
199374
263637
299616
376506
140576
212185
108185
93318
53874
126514
152102
338432
232151
138714
217424
270339
208869
104003
512992
71489
135601
31540
101577
305145
207889
97304
284120
139889
129912
39212
161027
260669
239038
316185
224680
142535
136198
216073
252466
77053
education: dict=10th,11th,12th,1st-4th,5th-6th,7th-8th,9th,Assoc-acdm,Assoc-voc,Bachelors,Doctorate,HS-grad,Masters,Preschool,Prof-school,Some-college
0
2*1
2*0
2*1
2
2*1
11
15
11
1
11
15
0
1
15
0
2
2*15
3*11
15
11
6
2*11
2*15
11
15
11
2
0
3*15
11
3*15
11
15
1
15
5*11
2*15
2*11
3*15
3*11
0
11
5*15
7
3*11
8
15
2*11
4
2*11
9
11
15
11
2*15
4
11
15
11
2*15
7
2*8
9
2*11
2*15
2*11
3*15
6
7
11
15
9
11
7
4
9
15
11
2*9
15
4
15
9
2*11
9
7
11
15
11
2
8
2*9
3*15
9
11
2*9
15
8
15
3*9
2*11
9
15
11
15
2*9
7
9
11
7
15
8
15
9
3*11
5*15
11
2
2*9
11
3
15
2*9
15
2
9
2*15
8
11
15
9
2*15
11
3*9
8
11
15
9
11
15
11
2*15
3*11
13
12
11
9
11
15
2*11
9
15
14
11
4
15
9
2*15
1
9
11
2*9
15
4
15
9
15
12
15
11
3*9
5
11
0
15
11
9
11
9
15
9
2*15
8
9
7
15
7
8
2*9
15
1
11
7
15
2*11
7
11
12
5*11
9
11
4
2*9
15
12
2*11
9
15
2*11
9
15
11
9
11
2*9
12
2*15
2*9
5
1
5
2*9
2*11
7
2*15
2*11
0
8
9
11
2*15
3
9
14
9
14
11
15
9
14
15
2*8
7
11
2
11
9
11
9
1
2*11
9
8
15
14
13
2*9
11
0
15
7
14
1
4
11
0
11
12
8
9
15
11
15
11
1
9
7
11
8
5
14
2*9
11
9
11
8
9
11
15
0
1
7
11
6
11
12
15
3*9
1
9
15
6
2*9
4*11
14
8
9
11
5
15
2*9
4*11
15
7
12
9
15
7
2*9
2*11
8
3*9
14
11
15
7
2*11
15
11
15
2*11
5
11
12
9
2*15
7
11
9
2*11
5
15
11
9
3*11
15
11
8
11
2*15
9
2*11
3
11
13
9
11
9
2*11
9
7
3*11
1
14
15
9
2*15
2*9
2*15
11
15
11
15
11
1
15
11
9
7
8
11
8
0
11
9
15
11
9
2*11
15
7
9
11
9
15
11
2*9
15
2*11
9
2*11
15
11
8
11
15
2*9
11
7
15
3*11
2*5
11
3*15
9
11
1
11
2*15
9
15
4*11
8
9
11
5
15
11
2*8
12
11
7
15
3*9
12
2*11
15
2*11
9
11
9
7
6
9
15
1
2*9
14
12
2*15
11
5
14
11
2*9
11
3*9
2*11
2*15
7
15
14
11
12
15
5
11
6
9
11
2*9
11
15
9
11
2*15
12
11
5
2*15
12
13
5
11
2*15
7
9
15
9
15
9
15
11
15
7
2*9
2*11
6
9
11
15
3
15
9
7
12
15
2*9
12
15
12
3*9
11
15
9
11
10
7
11
9
11
8
12
11
8
9
11
5
11
15
9
12
11
8
12
15
9
2*11
9
2*11
2*9
10
11
6
12
11
9
11
9
11
9
0
15
8
15
3*11
8
11
15
5
15
14
9
11
14
7
9
12
11
9
11
9
15
11
12
2*15
11
9
12
3*9
11
9
15
3*11
15
2*9
10
11
2*9
2*15
9
7
9
11
9
12
9
15
11
14
9
11
15
3*11
2*15
3*11
1
11
14
5
2*15
11
5
2*12
10
11
15
11
9
10
2*12
15
2*9
2*11
2*12
9
2*15
1
3*11
2*15
2
15
6
2*11
9
15
1
8
15
4
15
14
11
12
1
8
4
15
11
9
11
15
12
2*11
15
11
9
12
15
2*11
15
6
2*11
3
12
9
11
9
15
14
9
15
2*11
10
12
15
2*11
12
10
12
2*4
11
15
2*11
0
2*11
15
9
11
2*15
12
9
15
11
12
1
15
5
9
2*11
2*9
11
5
8
12
4*11
15
11
9
15
2*9
11
7
5
11
9
11
1
11
15
2*11
3
15
2*11
15
11
2*9
2*11
15
11
9
11
12
15
11
15
12
11
15
11
9
2*12
15
11
6
0
15
11
12
2*11
9
11
5
0
9
12
0
15
10
2*5
6
11
2
15
2*11
15
9
11
0
12
5
1
12
9
2*11
9
5
11
2*15
2*11
4
0
15
5
14
11
9
4
8
11
education-num:
6
2*7
2*6
2*7
8
2*7
9
10
9
7
9
10
6
7
10
6
8
2*10
3*9
10
9
5
2*9
2*10
9
10
9
8
6
3*10
9
3*10
9
10
7
10
5*9
2*10
2*9
3*10
3*9
6
9
5*10
12
3*9
11
10
2*9
3
2*9
13
9
10
9
2*10
3
9
10
9
2*10
12
2*11
13
2*9
2*10
2*9
3*10
5
12
9
10
13
9
12
3
13
10
9
2*13
10
3
10
13
2*9
13
12
9
10
9
8
11
2*13
3*10
13
9
2*13
10
11
10
3*13
2*9
13
10
9
10
2*13
12
13
9
12
10
11
10
13
3*9
5*10
9
8
2*13
9
2
10
2*13
10
8
13
2*10
11
9
10
13
2*10
9
3*13
11
9
10
13
9
10
9
2*10
3*9
1
14
9
13
9
10
2*9
13
10
15
9
3
10
13
2*10
7
13
9
2*13
10
3
10
13
10
14
10
9
3*13
4
9
6
10
9
13
9
13
10
13
2*10
11
13
12
10
12
11
2*13
10
7
9
12
10
2*9
12
9
14
5*9
13
9
3
2*13
10
14
2*9
13
10
2*9
13
10
9
13
9
2*13
14
2*10
2*13
4
7
4
2*13
2*9
12
2*10
2*9
6
11
13
9
2*10
2
13
15
13
15
9
10
13
15
10
2*11
12
9
8
9
13
9
13
7
2*9
13
11
10
15
1
2*13
9
6
10
12
15
7
3
9
6
9
14
11
13
10
9
10
9
7
13
12
9
11
4
15
2*13
9
13
9
11
13
9
10
6
7
12
9
5
9
14
10
3*13
7
13
10
5
2*13
4*9
15
11
13
9
4
10
2*13
4*9
10
12
14
13
10
12
2*13
2*9
11
3*13
15
9
10
12
2*9
10
9
10
2*9
4
9
14
13
2*10
12
9
13
2*9
4
10
9
13
3*9
10
9
11
9
2*10
13
2*9
2
9
1
13
9
13
2*9
13
12
3*9
7
15
10
13
2*10
2*13
2*10
9
10
9
10
9
7
10
9
13
12
11
9
11
6
9
13
10
9
13
2*9
10
12
13
9
13
10
9
2*13
10
2*9
13
2*9
10
9
11
9
10
2*13
9
12
10
3*9
2*4
9
3*10
13
9
7
9
2*10
13
10
4*9
11
13
9
4
10
9
2*11
14
9
12
10
3*13
14
2*9
10
2*9
13
9
13
12
5
13
10
7
2*13
15
14
2*10
9
4
15
9
2*13
9
3*13
2*9
2*10
12
10
15
9
14
10
4
9
5
13
9
2*13
9
10
13
9
2*10
14
9
4
2*10
14
1
4
9
2*10
12
13
10
13
10
13
10
9
10
12
2*13
2*9
5
13
9
10
2
10
13
12
14
10
2*13
14
10
14
3*13
9
10
13
9
16
12
9
13
9
11
14
9
11
13
9
4
9
10
13
14
9
11
14
10
13
2*9
13
2*9
2*13
16
9
5
14
9
13
9
13
9
13
6
10
11
10
3*9
11
9
10
4
10
15
13
9
15
12
13
14
9
13
9
13
10
9
14
2*10
9
13
14
3*13
9
13
10
3*9
10
2*13
16
9
2*13
2*10
13
12
13
9
13
14
13
10
9
15
13
9
10
3*9
2*10
3*9
7
9
15
4
2*10
9
4
2*14
16
9
10
9
13
16
2*14
10
2*13
2*9
2*14
13
2*10
7
3*9
2*10
8
10
5
2*9
13
10
7
11
10
3
10
15
9
14
7
11
3
10
9
13
9
10
14
2*9
10
9
13
14
10
2*9
10
5
2*9
2
14
13
9
13
10
15
13
10
2*9
16
14
10
2*9
14
16
14
2*3
9
10
2*9
6
2*9
10
13
9
2*10
14
13
10
9
14
7
10
4
13
2*9
2*13
9
4
11
14
4*9
10
9
13
10
2*13
9
12
4
9
13
9
7
9
10
2*9
2
10
2*9
10
9
2*13
2*9
10
9
13
9
14
10
9
10
14
9
10
9
13
2*14
10
9
5
6
10
9
14
2*9
13
9
4
6
13
14
6
10
16
2*4
5
9
8
10
2*9
10
13
9
6
14
4
7
14
13
2*9
13
4
9
2*10
2*9
3
6
10
4
15
9
13
3
11
9
marital-status: dict=Divorced,Married-civ-spouse,Married-spouse-absent,Never-married,Separated,Widowed
52*3
2
20*3
0
11*3
1
3
2
3*3
1
3
0
3
0
11*3
1
3
1
2*3
0
3
1
6*3
1
4
19*3
1
10*3
2*1
7*3
0
2*3
0
2*3
0
3*3
1
8*3
1
2*3
1
2*3
1
0
3
1
8*3
1
3*3
1
0
2*3
0
2
7*3
1
2*3
1
3*3
1
0
1
4*3
1
3
1
2*3
0
2*1
2*3
1
4
3*3
4
3*1
0
2*1
0
4
1
3*3
1
3
2*1
0
1
3
4*1
0
3
4
3
2*1
2
1
3
1
2*3
0
4
2*0
2*3
1
4
0
3
0
3
1
2*3
2*1
3
2*1
0
1
2*3
1
3
5
3
3*0
2*1
0
1
2*3
4
3*1
5
2*1
3
1
3
0
2*3
11*1
3
0
2*1
0
1
3
2
0
2*1
4*3
1
3
3*0
2*1
0
3
3*1
3
1
3
1
3*3
1
3
1
3
2*1
3
0
1
2*0
3
4
2*1
3
2*1
3
0
3
2*1
3
2*1
3
1
2
3*1
0
3
0
3
0
3
1
3
3*1
3
3*1
0
3
3*1
3
3*0
1
2*3
1
2*3
2*1
0
3
1
3
1
3
0
1
0
3
0
9*1
3
3*0
2*1
3
1
3
4*1
2*3
3*1
4
4*1
3
10*1
2
1
3*3
2*1
0
2*1
0
2*1
3
0
3
1
0
1
2*4
2*0
3
2*4
3*1
3
2*1
3
2*0
3
2*1
4
3*1
0
3
4
2*1
2*0
1
0
2*1
3
0
3
1
0
5*1
0
3*1
0
2*1
3
0
2*3
2*1
2*3
1
0
1
0
1
3
2*1
0
3*1
3
1
0
2*1
0
6*1
3
1
3
2*1
2*4
3
1
0
5
1
0
1
0
2*1
3
1
0
4*1
3
0
1
0
2*1
3
1
0
3
2*1
3
1
0
3
0
2*1
3
2*0
2*1
3
4*1
2*3
4
2*1
3*0
1
0
2*1
3
2*1
0
2*1
3
3*0
5*1
0
4*1
2*3
0
9*1
3
2*1
2*0
3
1
2*4
0
2*3
0
2*1
5
4*1
0
2*1
0
10*1
0
3*1
0
3
1
3
0
3
1
2*3
0
2*1
0
1
3
1
0
2*1
0
3*1
0
4
5
4*1
5
4*1
2
1
0
1
3
0
1
2*0
1
3
2*1
0
1
0
2*5
0
5*1
0
6*1
3
0
7*1
2*0
3
4*1
5
1
5
2*1
2*0
1
0
2*1
0
3
5
2*1
0
4
2*1
0
2*1
3
1
2*0
3*1
0
1
5
0
7*1
5
4*1
5
4*1
3
1
3
1
3
2*1
5
5*1
0
2*1
0
5
1
0
5*1
0
2*1
0
1
0
1
0
2*1
3
1
0
3
5
1
0
1
2*3
1
0
1
4
2*1
0
2*1
4
6*1
5
1
2*0
9*1
3
3*1
2*5
4*1
2*5
2*0
2*1
5
5*1
5
2*1
0
3*1
5
1
2*5
1
0
8*1
5
0
5
1
2
3*1
5
1
0
1
5
1
5
3*1
5
occupation: dict=Adm-clerical,Craft-repair,Exec-managerial,Farming-fishing,Handlers-cleaners,Machine-op-inspct,None,Other-service,Priv-house-serv,Prof-specialty,Protective-serv,Sales,Tech-support,Transport-moving
7
2*11
6
7
8
11
7
2*4
5
0
7
3
11
0
11
6
0
7
4
11
7
4
7
4
6
7
1
6
11
6
2*11
7
2*5
1
11
0
11
1
6
0
6
7
4
11
7
1
4
11
6
3*0
1
13
4
0
6
5
11
0
2*1
0
4
2*7
11
9
7
5
1
0
7
1
0
8
7
4
0
7
0
7
1
12
4
0
11
13
0
11
7
12
0
9
7
0
12
5
13
4
2*11
2*1
11
5
2*6
2*4
13
2
7
6
11
0
11
7
1
2
2*1
2
7
8
7
1
13
2
0
7
4
2*0
7
4
12
11
5
7
0
2
9
2
2*1
13
2*11
0
2*11
1
9
7
1
0
5
2*0
9
10
7
0
2*7
9
3
5
1
9
11
0
3
7
6
2*2
5
0
2*13
12
13
0
9
0
5
0
2*2
1
11
4
11
0
1
2*0
2*2
3*7
5
2*2
9
2*4
0
11
9
0
9
2*5
2*0
9
0
2
12
6
12
13
1
7
5
2*11
9
5
1
2*9
11
2*7
5
0
7
10
11
9
0
2*2
2*0
9
11
0
2*11
2
2*11
2*1
8
1
0
5
9
5
9
0
2*11
0
7
9
2
5
9
0
9
1
7
10
9
5
7
0
2
5
7
9
1
12
5
9
4
7
9
11
2*13
5
0
2
11
2*1
2*0
1
3
11
12
9
5
0
7
9
11
9
7
9
1
0
1
9
2*1
6
1
2*5
6
2
13
12
0
1
7
2
1
5
9
5
1
2*0
7
2
1
9
3
5
13
3
7
2
2*9
2
2*1
2*7
3
2
9
6
5
9
7
9
7
4
13
2
9
0
10
1
0
11
2*1
7
9
7
9
2
9
5
2*2
1
2
10
7
0
4
2
2*9
5
7
13
11
2
3*5
11
0
2*1
2*2
9
5
11
12
4
11
7
11
9
11
9
0
5
2
13
6
11
1
0
5
2*1
2
9
2
1
9
13
7
2
7
1
11
0
1
2
5
4*1
5
7
5
2
9
13
5
7
1
5
9
1
11
1
11
9
7
0
1
0
1
9
2
11
7
11
9
2*0
1
0
1
2
1
5
11
5
4
9
7
0
11
2*1
5
9
12
11
9
1
5
2
0
12
0
3
2*1
0
9
7
5
2
7
0
2*1
4
1
2*7
13
2
0
1
11
3*1
7
4
7
11
0
1
0
11
7
13
9
1
2
0
5
3*1
0
2
1
3
11
0
1
7
0
1
2*0
9
7
2*9
2
0
13
7
1
9
4
2
6
2
9
1
5
12
9
0
9
2
5
13
1
2*9
12
9
13
9
2
3
2
7
0
3
9
12
9
11
2
12
4
1
3
9
1
11
0
2
5
11
1
2
2*9
11
4
9
2
9
1
7
1
2
5
2*9
3
0
4
2*9
2*11
0
1
4
7
2
2*11
2
11
3
6
11
2
9
4
2*2
0
2*9
2*2
0
11
2
11
1
9
11
13
2
1
2*2
5
13
9
6
5
1
12
11
9
4
10
9
2
0
11
1
2
5
7
0
2*9
2
7
2
4
2
3
2*1
2
5
2
2*1
9
11
13
2
1
10
9
10
9
1
3
2
13
2
11
0
2
1
11
0
3
9
1
7
12
0
3*9
2
11
2
7
12
0
12
0
2*2
9
0
11
9
0
5
3*11
7
2
9
11
10
6
1
2
1
7
0
11
1
0
2
0
1
2
5
10
2
5
6
5
2
4
2*2
9
4
10
1
0
11
2*9
3
10
2
6
1
11
9
2
6
2
7
5
1
2*11
6
5
1
2*7
13
2*2
1
0
9
1
0
9
7
9
4
12
1
10
5
2
5
7
0
10
5
0
2
2*11
0
2
11
7
1
13
9
13
2*2
13
11
0
2
1
11
6
5
2*9
2
11
2*2
9
2
11
6
0
1
7
2*11
1
2*7
2*9
2
1
2*9
0
13
2
5
10
7
9
13
1
11
2
0
13
2*9
4
2*11
6
11
7
3
6
9
1
11
2
5
1
2*2
13
1
0
1
2*5
11
2
0
2
6
9
2
6
7
1
0
9
2
11
9
10
5
2
13
0
1
2*6
11
3
0
2*7
6
7
9
0
7
9
3*6
2
11
10
6
9
1
3
2*6
5
6
2*3
0
9
10
6
9
11
3*9
7
0
6
3
5
11
3
6
7
10
7
13
10
6
0
2
7
1
6
relationship: dict=Husband,Not-in-family,Other-relative,Own-child,Unmarried,Wife
3*3
1
11*3
2
6*3
2
1
11*3
1
3
1
3
1
5*3
1
3
2
3*3
3*1
3*3
2
9*3
1
3*3
1
3
2
5*3
2*1
4
3*3
0
3
4
1
3
2
0
3*3
1
3
3*1
2
3
1
2
3
1
3
0
1
0
1
3
2*1
2
2*3
2*1
2*3
0
3
1
2*3
1
3
4
2*3
1
3
1
2*3
1
2
3
1
2*3
0
1
3
3*1
3
2*1
3
1
5
0
3*1
4
3*3
4
1
2*3
1
3
1
4
2*1
0
2
2*3
5*1
5
1
3
0
3
4
0
4
1
5
2*3
4*1
4
2
0
3
1
4
0
3*1
2
1
3
1
5*3
5
3
1
5
1
3
1
0
4
0
3*1
2
0
1
0
1
3
1
2*0
2*1
0
3
1
3
2
1
0
5
0
1
5
3
2*4
0
1
2*3
0
2
0
5
1
0
1
0
5
2*0
4
1
4
3
0
5
1
0
1
0
1
3
4
1
4
2*1
3
0
4
2*1
4
1
0
2*1
2*0
3
2*0
1
0
2
4
0
1
4
3
2*4
1
2*0
4
0
2*1
4
2*0
5
1
2*0
4
0
3*1
4
3*0
5
0
5
3*0
5
0
1
4
2*0
1
5
3*1
2*0
4
2
2*1
0
1
4
3
4
2*0
4
1
3*0
3
0
1
5
1
3
1
0
1
0
3
2*0
2*4
0
2*4
1
4
2*0
1
3
0
3*1
2*0
1
2*0
1
0
1
2*0
5
2*1
4
3*1
0
1
3*0
1
3*0
2*1
3*0
4*1
0
4
1
0
3
4
2*0
4
1
0
1
0
1
3
0
1
3
1
9*0
1
3
2*1
2*0
2
0
1
5
3*0
2*1
3*0
4
4*0
3
10*0
1
0
3*1
2*0
4
2*0
3
5
0
3*1
0
4
5
2*4
1
2*3
2*4
3*0
1
2*0
1
4
2*1
2*0
1
3*0
4
1
2
2*0
1
4
0
4
2*0
3*3
0
1
5*0
1
3*0
1
2*0
3*1
4
0
5
2*1
5
4
0
4
5
4
2*0
4
3*0
1
0
1
2*0
1
6*0
1
0
1
2*0
2*4
1
0
1
4
0
1
0
4
2*0
1
0
1
0
5
0
5
4
2
0
1
2*0
1
0
4
1
0
5
1
0
3*1
2*0
3*4
2*0
1
3*0
5
3
2*1
2*0
4
2*1
0
2
2*0
1
2*0
3
2*0
2*1
4
1
5*0
1
2*0
5
0
2
4
3
5*0
5
3*0
3
2*0
3
4
1
0
1
4
1
2
2*1
2*0
4
5
3*0
1
2*0
4
2*0
5
7*0
1
5
2*0
2*1
0
2*1
3
5
3
2*1
2*0
1
0
3
0
4
2*0
4
3*0
1
2*4
4*0
4
4*0
4
0
2
0
1
4
0
2*4
5
1
0
5
4
0
2*1
4
1
5*0
1
5*0
5
2*1
7*0
2*4
1
4*0
1
0
1
2*0
1
4
0
4
0
2
4
1
4
2*0
2*4
2*0
1
2*0
1
0
2*1
3*0
1
0
2*1
5*0
5
0
4
5
3*0
3
4*0
1
0
4
0
1
2*0
1
5*0
4
2*0
2*1
0
1
0
5
3*0
1
2*0
1
0
1
0
4
2*0
1
0
4
2*1
0
4
0
1
2
0
1
0
1
2*0
1
2*0
4
0
5
3*0
5
1
0
2*1
0
5
2*0
5
4*0
1
2*0
5
4
1
3*0
5
4*1
2*0
2
5*0
4
2*0
1
3*0
4
0
2*1
0
2
8*0
3*1
0
4
3*0
1
0
1
0
1
0
1
3*0
1
race: dict=Amer-Indian-Eskimo,Asian-Pac-Islander,Black,Other,White
11*4
1
8*4
2
2*4
2
3*4
2
17*4
0
11*4
2
2*4
2
4*4
2
15*4
3
3*4
1
7*4
1
13*4
3
20*4
3
4
1
6*4
2*2
11*4
2
6*4
3
2*4
2
4
2
4*4
3*2
1
10*4
3
4
1
2*4
2*2
2*4
2
5*4
2
5*4
2
3*4
2
5*4
0
2*4
2
2*4
2
5*4
2
21*4
2
6*4
2
11*4
1
11*4
1
7*4
2*2
17*4
2
3*4
3
7*4
2
4
2
4*4
1
4
3
17*4
0
5*4
2
7*4
0
2
4*4
2
4
2
2*4
0
13*4
2*2
4*4
2
3*4
2
4*4
2
2*4
2
4
1
4
1
6*4
2
8*4
1
10*4
1
4
2
3*4
2
7*4
2
4*4
3
13*4
0
1
3
4
2
12*4
1
4*4
1
8*4
2
4
2
20*4
2
6*4
1
16*4
0
3*4
2
2*4
2
12*4
1
2
3*4
2
4
1
11*4
0
2*4
2
12*4
2
4
1
2*4
2
14*4
2
8*4
2
0
3*4
2
4*4
2
2*4
2*2
3*4
2
9*4
0
3*4
2
2*4
2
27*4
2
4
2*1
3*4
2
4*4
3
7*4
2
2*4
2
5*4
2
6*4
3
14*4
2
8*4
2
21*4
2
2*4
2
4*4
2
20*4
2
5*4
1
20*4
1
4
2*2
7*4
2
9*4
2
7*4
1
2
8*4
1
9*4
2
4*4
2
7*4
2*2
14*4
2
2*4
2
7*4
0
20*4
2*2
3*4
2
23*4
2
4
2
3*4
2
5*4
2
3*4
1
17*4
sex: dict=Female,Male
4*0
1
3*0
2*1
3*0
1
3*0
2*1
0
2*1
0
8*1
0
1
3*0
3*1
2*0
4*1
0
1
0
3*1
3*0
1
0
6*1
2*0
5*1
0
1
0
3*1
2*0
3*1
0
1
0
1
0
4*1
2*0
2*1
0
2*1
7*0
13*1
0
1
0
1
0
2*1
0
3*1
2*0
4*1
0
2*1
0
1
0
1
0
2*1
4*0
6*1
0
3*1
2*0
1
0
1
0
1
2*0
1
0
1
0
4*1
0
1
0
1
0
2*1
0
1
0
2*1
0
1
4*0
2*1
0
6*1
0
8*1
2*0
4*1
7*0
3*1
0
16*1
3*0
1
0
1
5*0
2*1
2*0
1
0
1
0
2*1
0
1
0
3*1
3*0
1
2*0
1
0
5*1
0
1
2*0
1
0
2*1
0
2*1
0
3*1
0
4*1
2*0
1
2*0
1
2*0
3*1
0
3*1
0
2*1
2*0
2*1
0
4*1
0
3*1
0
1
0
3*1
0
6*1
0
1
2*0
7*1
2*0
1
0
7*1
0
1
2*0
6*1
0
2*1
0
3*1
3*0
2*1
0
4*1
0
2*1
0
2*1
0
4*1
0
1
2*0
1
2*0
15*1
3*0
1
2*0
1
2*0
2*1
0
5*1
0
1
0
1
0
9*1
4*0
2*1
0
2*1
0
4*1
0
3*1
0
18*1
2*0
2*1
0
2*1
2*0
1
0
1
0
1
4*0
2*1
0
1
0
3*1
0
4*1
0
13*1
0
1
0
3*1
0
2*1
0
9*1
0
2*1
0
1
2*0
1
2*0
1
2*0
1
3*0
2*1
0
5*1
0
2*1
0
6*1
0
5*1
2*0
1
2*0
3*1
0
6*1
0
1
0
1
0
6*1
2*0
1
0
2*1
2*0
4*1
2*0
2*1
0
3*1
2*0
1
0
3*1
2*0
4*1
0
2*1
0
2*1
3*0
9*1
0
2*1
2*0
5*1
0
6*1
3*0
1
2*0
2*1
0
3*1
2*0
3*1
0
2*1
0
2*1
0
8*1
0
2*1
2*0
4*1
0
1
2*0
2*1
0
1
0
1
0
7*1
2*0
4*1
0
4*1
0
4*1
0
2*1
3*0
1
2*0
1
4*0
11*1
0
9*1
2*0
7*1
0
3*1
0
1
0
1
4*0
2*1
2*0
5*1
0
2*1
0
3*1
0
1
2*0
5*1
0
2*1
0
3*1
0
6*1
0
1
0
2*1
0
5*1
0
2*1
2*0
3*1
0
10*1
0
4*1
0
1
0
1
0
1
2*0
11*1
0
3*1
2*0
1
2*0
1
0
2*1
0
4*1
0
2*1
3*0
3*1
5*0
8*1
0
2*1
0
3*1
0
1
0
2*1
0
8*1
2*0
6*1
0
1
0
1
0
5*1
0
capital-gain:
31*0
594
108*0
3325
15*0
2354
21*0
4416
11*0
3103
8*0
3942
33*0
10520
16*0
15024
7*0
2885
23*0
99999
11*0
4787
28*0
15024
3*0
14084
4*0
5178
3*0
4064
7*0
7688
10*0
2354
17*0
2202
4*0
99999
6*0
114
17*0
7298
3*0
4386
12*0
7688
2*0
27828
4*0
99999
15*0
7688
14*0
3103
26*0
7298
14*0
6497
9*0
1471
0
3887
6*0
3137
0
3908
3*0
594
3*0
4508
10*0
4650
4*0
2635
5*0
2829
7*0
15024
8*0
7688
6*0
7298
13*0
3103
25*0
15024
5*0
99999
2*0
5178
0
2885
27*0
27828
7*0
7688
2*0
3103
5*0
4386
3*0
8614
7*0
15024
8*0
10520
29*0
4064
15024
2*0
27828
5*0
15024
7*0
15024
10*0
15024
2*0
914
0
7298
6*0
4386
22*0
15024
3*0
7298
0
15024
0
7688
8*0
7298
22*0
5013
2*0
4101
7*0
14344
0
7688
0
7298
22*0
5178
2*0
8614
10*0
7688
4101
29*0
2202
19*0
99999
26*0
2290
9386
4*0
3273
8*0
2346
7*0
20051
4*0
2346
14*0
capital-loss:
9*0
1719
73*0
2205
22*0
1504
12*0
2231
26*0
1974
4*0
1762
13*0
1762
6*0
1579
9*0
1741
19*0
1380
5*0
1719
23*0
1651
15*0
1887
25*0
2179
5*0
2559
79*0
2339
6*0
1887
7*0
2001
28*0
2339
6*0
2001
9*0
1887
51*0
2339
26*0
1902
4*0
1902
23*0
1408
34*0
1876
27*0
2179
1977
1902
4*0
1977
9*0
1902
14*0
1902
0
2205
10*0
2002
18*0
1980
37*0
1977
47*0
1887
22*0
1902
9*0
1977
14*0
1980
19*0
1902
1485
0
1564
4*0
2559
5*0
2547
2559
25*0
1902
31*0
1669
11*0
1977
17*0
1887
2002
36*0
1762
30*0
1668
11*0
1258
4*0
4356
hours-per-week:
25
15
35
30
24
9
8
30
12
18
48
22
12
6
40
20
35
16
40
30
20
15
30
20
37
2*40
25
20
30
3
10
20
35
16
60
2*40
25
40
16
40
30
2*35
25
40
32
20
2*40
30
35
40
25
40
30
2*40
30
25
40
30
4*40
20
40
9
45
40
35
3*40
29
40
20
50
40
35
2*40
20
35
40
20
2*40
18
40
10
30
20
60
10
9
40
39
40
30
46
20
40
50
40
55
2*40
11
42
50
25
40
28
20
30
45
40
15
2*40
45
3*40
20
40
32
1
46
3*40
35
40
22
30
2*40
55
2*40
30
3*40
44
35
2*40
38
45
40
55
2*40
32
40
25
40
25
10
45
4*40
35
30
20
50
2*40
50
45
40
25
5*40
35
4*40
30
40
50
3*40
2*50
2*40
7
3*40
60
40
60
3*40
38
2*40
30
5*40
80
40
52
2*40
50
40
50
15
40
12
35
55
75
40
45
22
10
2*40
65
45
50
60
3*40
25
42
3*40
28
3*40
50
40
50
32
2*40
70
25
2*40
50
40
20
40
50
40
50
2*40
60
40
20
5*40
50
40
38
3*40
55
3*40
36
70
60
45
25
7*40
20
2*40
45
40
50
40
38
60
7*40
45
55
60
30
3*40
52
55
40
45
2
40
50
40
2
40
22
20
45
48
5
45
44
40
45
40
50
35
40
37
38
40
60
2*40
61
2*40
70
3*40
30
4*40
60
48
2*40
65
40
50
48
2*40
55
40
30
2*40
38
60
40
55
40
50
25
40
45
48
40
50
2*40
43
30
20
4*40
45
40
45
40
20
85
39
2*40
50
4*40
50
64
55
60
40
48
60
35
42
50
40
45
3*40
50
3*40
38
48
2*40
55
45
50
45
38
30
50
3*40
35
7*40
52
2*40
30
39
55
5*40
32
45
50
56
40
45
47
45
2*40
45
50
75
55
40
44
36
2*40
50
40
45
46
2*40
60
3*40
30
40
45
3*40
38
40
78
32
2*40
30
40
24
2*45
40
28
3*40
45
50
70
38
2*40
50
40
35
4*40
60
40
38
50
2*40
48
4*40
35
50
37
40
45
40
2*45
40
35
3*40
55
40
72
50
2*40
30
35
2*40
49
40
52
45
40
24
15
40
36
40
45
40
45
10
84
35
45
40
24
2*50
40
80
3*40
60
2*40
45
2*40
60
4*40
70
3*40
20
43
32
99
50
40
45
43
50
40
50
37
2*40
55
40
2*50
40
30
45
2*40
50
40
55
40
32
38
40
42
40
60
40
45
50
45
40
53
2*40
44
50
48
72
40
50
60
40
30
3*40
52
2*40
50
3*40
50
35
40
60
7*40
25
40
25
42
40
37
55
50
2*40
50
65
40
50
48
50
45
6*40
45
2*40
2*50
40
20
30
60
3*40
35
40
45
2*40
45
40
65
40
55
40
36
43
2*40
50
40
50
40
50
7*40
50
2*40
38
20
40
20
4*40
45
40
60
3*40
25
60
45
3*40
50
40
32
60
40
42
40
37
2*50
40
60
44
40
43
35
3*40
28
35
2*40
50
55
40
38
3*40
50
6*40
50
8*40
60
3*40
48
45
35
84
50
2*40
38
45
2*40
50
3*40
48
5*40
50
40
52
2*40
48
40
60
43
35
30
3*40
42
2*50
45
2*60
3*40
50
2*40
46
4*40
50
56
2*40
48
4*40
35
52
4*40
32
60
40
50
15
40
25
40
48
40
50
48
40
60
2*40
44
40
80
40
23
47
12
40
20
25
40
35
50
4*40
50
60
6*40
2*50
8
2*40
30
35
50
3*40
2*30
40
50
2*40
50
44
3*40
30
68
20
35
20
31
5
79
2*45
28
40
50
27
50
40
20
4*40
48
3*40
4
65
50
40
55
24
35
11
55
45
25
35
2*20
4
50
2*40
74
25
2*20
1
16
12
20
6
15
32
24
40
native-country: dict=Canada,China,Columbia,Cuba,Dominican-Republic,Ecuador,El-Salvador,England,France,Germany,Guatemala,India,Iran,Ireland,Italy,Jamaica,Japan,Laos,Mexico,Nicaragua,None,Philippines,Poland,Portugal,Puerto-Rico,South,Taiwan,Thailand,Trinadad&Tobago,United-States,Vietnam
29
10
6*29
20
2*29
9
18
34*29
18
7*29
20
4*29
15
5*29
10
9*29
20
2*29
10
5*29
30
2*29
18
4*29
21
2*29
20
17*29
18
6*29
18
3*29
2
2*29
10
29
30
19*29
20
4*29
15
21*29
18
17*29
7
12*29
18
5*29
20
2*29
19
20
29
2*18
2*29
15
5*29
20
18
3*29
20
18
4*29
18
24
22*29
25
9*29
8
2*29
20
8*29
9
15*29
18
19*29
21
6
8*29
18
6*29
20
29
13
2*29
18
29
20
6*29
10
11*29
7
3*29
18
29
20
31*29
20
3*29
7
22*29
30
7*29
24
3*29
9
29
15
5*29
24
4*29
22
8*29
17
6
29
24
4*29
6
7*29
27
29
16
2*29
21
7*29
20
20*29
12
9*29
21
10*29
6
22
6
22*29
21
20
6*29
16
3*29
20
6*29
4
6*29
20
7
10*29
26
3*29
18
9*29
24
16*29
19
4*29
20
13*29
23
3*29
18
19*29
5
6*29
14
10*29
21
25
4*29
2*9
2*29
28
5*29
9
6*29
20
37*29
0
22*29
1
20*29
20
2*29
14
6*29
20
8*29
3
11*29
11
13*29
0
14*29
11
4*29
7
4*29
27
2*29
3
18
23*29
0
9
24*29
14
16*29
11
30*29
3
16*29
20
14*29
class: dict=<=50K,>50K
119*0
1
50*0
1
19*0
1
12*0
1
19*0
1
9*0
1
4*0
1
7*0
1
0
1
0
1
3*0
1
5*0
1
12*0
1
2*0
1
3*0
1
0
1
11*0
1
0
1
2*0
2*1
14*0
1
4*0
2*1
0
1
2*0
2*1
4*0
1
0
1
6*0
1
2*0
1
0
2*1
4*0
1
5*0
1
8*0
2*1
2*0
1
5*0
2*1
10*0
1
0
1
0
2*1
8*0
1
4*0
1
7*0
3*1
0
4*1
2*0
1
0
1
3*0
1
5*0
1
2*0
2*1
0
1
2*0
1
3*0
1
3*0
2*1
0
2*1
9*0
3*1
8*0
3*1
0
3*1
0
1
2*0
1
3*0
1
4*0
1
0
1
2*0
1
4*0
1
14*0
1
5*0
3*1
11*0
1
4*0
1
4*0
1
0
1
2*0
1
0
1
6*0
1
0
2*1
3*0
1
0
1
3*0
2*1
2*0
2*1
2*0
1
2*0
3*1
3*0
1
7*0
1
0
1
4*0
3*1
0
2*1
2*0
1
0
2*1
7*0
1
0
1
2*0
1
4*0
1
3*0
1
2*0
1
0
1
2*0
1
0
1
0
2*1
0
3*1
0
1
5*0
1
0
1
0
2*1
6*0
3*1
2*0
1
2*0
4*1
3*0
1
6*0
1
3*0
1
0
1
5*0
1
0
3*1
0
1
0
2*1
0
1
3*0
1
7*0
2*1
0
1
4*0
1
0
2*1
3*0
5*1
0
4*1
3*0
1
2*0
1
2*0
1
9*0
1
0
3*1
0
6*1
0
2*1
2*0
3*1
5*0
1
2*0
2*1
2*0
2*1
0
1
0
1
0
2*1
5*0
3*1
2*0
3*1
0
3*1
0
1
3*0
2*1
0
1
0
1
7*0
3*1
0
1
0
2*1
7*0
1
2*0
1
4*0
1
0
1
4*0
1
2*0
2*1
0
1
2*0
1
8*0
1
0
1
0
1
3*0
1
2*0
1
3*0
1
4*0
2*1
3*0
3*1
2*0
1
3*0
1
0
1
0
1
4*0
2*1
0
2*1
0
2*1
13*0
1
6*0
1
19*0
