# TCF v0.4 lv=smart
## categorical-heavy n=500 pk_eliminated=id sort_by=qtd
status: dict=cancelado,ok,pago,pendente
2*3
0
1
2*0
2
3
1
0
3
2
2*1
3
1
0
2*2
3
2*2
2*0
4*3
1
3
2*2
3
2*0
1
3
2*1
0
3
2
3
2
3
1
0
2*3
2
1
3
2
2*0
1
2
1
3
2*0
3
2*0
1
0
1
0
3
2*0
3
2
0
1
0
2
0
3
2*1
3
2
3
0
2
0
1
2
0
1
2
0
2*3
2
0
3*2
0
1
2
1
3
0
1
2*0
2
0
2
1
0
3
1
0
2*3
0
2*1
0
3
0
2
3
2
3
0
2
3
2
0
2
2*1
2
4*3
2*1
3
3*0
2
3
0
2*2
1
2*2
3
2
3
1
2
0
3
2
3
2*1
3
1
2
1
2*0
2
1
0
1
2*2
0
3
0
1
2*0
3*2
0
2
0
3
2
2*1
3
2*2
0
2
1
2
3
2*0
2
4*1
3*2
3
2
3
2*1
0
2*1
0
2*3
2
0
3*3
0
2*3
2
0
3
2
0
2
1
2*2
0
2
2*1
2*0
2
3
2*1
0
1
2
0
1
0
3
2
2*0
1
3
1
3
1
2*0
2*3
2
3
2*2
2*0
1
0
2*2
0
2
3
2*0
1
3*0
3
2*0
2*3
2
3*0
2
3
1
6*2
2*0
3
2*1
2
3
2*1
0
3
2*0
1
3
1
3
2
3
2
3
0
3*3
2*1
3*3
2*2
0
2*3
0
2*2
4*1
2
1
2
3*1
3
2*1
2*2
4*0
1
3
2
0
1
2*2
2*0
3
2*1
0
3
2*0
3
0
1
2
1
2
3
2
1
2
3
2*2
1
3
2
3
2
0
2
1
0
3
0
3
2
3
1
0
1
2*2
1
0
3
2*1
3*2
3
2*0
2*2
1
3
1
2
3
0
3*1
3
1
3
2
1
3
3*1
0
2
0
3
0
2
3
0
2*3
3*1
3
2
1
2
1
0
2
1
3
0
2
3
2
1
2
2*0
2
1
0
3
0
3
2*1
3
1
2
1
0
3
2*1
2
3*1
2
0
2
0
1
3
0
categoria: dict=A,B,C,D
0
1
3
2*1
2*3
2
1
0
3
1
3
1
2*2
1
2
2*3
2
0
1
2*3
2
1
2
3
1
0
3
2*0
2
1
2
0
2
1
2*0
3
2*1
2
3
2
3*3
0
1
0
3
1
2
1
8*0
3
2*1
2*2
1
2*0
2
0
3
1
0
1
2
2*1
2
3
2*1
0
1
2*0
3*2
3*3
2*0
1
2*2
2*0
1
2*0
3
1
2*3
0
2
2*1
0
3*3
2
1
0
3
2*1
3*3
2
3
1
0
2*3
0
1
2*2
1
4*2
0
3
1
2*3
2*2
3
0
1
3
0
3*2
1
2*3
0
2
1
2
0
2
0
1
2
0
2
2*0
2
1
2
1
3
2*2
1
2
3
1
2
3*3
2
3
0
2*1
3
1
3
2*2
2*1
2
3
4*2
1
2
0
2*3
0
4*1
2*3
2*2
1
2*0
1
0
4*3
0
2
0
2
0
1
0
2
3
2*1
0
3
2*0
2
0
2
0
1
2
0
2
1
3
0
2*3
0
2*1
2*2
3
2
2*1
2*0
2*3
0
1
3
3*0
3
2*2
0
2
3
0
2
2*3
0
2
2*1
4*2
0
3
2*0
1
0
3
1
3
0
3
1
3
0
3
0
2*2
2*3
0
2
0
2
1
2*3
4*1
2
2*3
0
1
0
3
2*2
3
2
0
1
0
1
3
2*1
2*2
2*3
1
3
2*1
0
2*3
2
0
2
3
2*2
3
0
3
2*0
3
2*0
3
1
3
2*0
3
2
1
2
2*3
2
0
2*1
2
3
3*1
3
1
2
1
0
2
1
3*3
1
2*0
3
2
3*3
2
1
2*2
2*3
1
2
3
1
2*2
0
3
1
2
0
1
3
4*0
2*2
0
2
3
0
2*1
2*2
3
2
1
0
1
0
3
1
2*3
0
2
1
3
1
2
3*3
2
2*0
3
1
0
2
1
3
1
2*2
2*0
1
2
0
2
3
1
2
2*3
2
2*3
3*1
3
2*0
3
0
3*2
0
2
0
3
cidade: dict=BH,POA,REC,RJ,SP
2
4
1
2*4
2*2
1
3
2
1
0
1
0
3
2*4
3
1
4
3
1
4
2*2
0
2*4
1
4
0
1
4
2*3
2
3
2
4
1
0
3
1
3
1
0
3
0
4
2
2*1
0
4
2*1
0
3
2*1
3*3
4
0
3*3
0
2*1
2
3*4
2
3
4
0
1
0
4
3
4
2*0
2
3
1
2*3
0
2
4
1
0
3
2
3
1
0
1
0
4
2*2
0
2
4
2*1
4
3
4
2
0
3
1
3
2*4
3
2*4
2*0
1
2
3
2
3
2
2*3
3*1
4
2*0
4
1
3
2*4
2*1
2
1
3
2*0
1
0
4
2
3
4
3
2
3
1
4
0
4
2
0
2*1
0
2
2*1
3
2*2
2*0
4
3
2
0
4
3
2*2
4
0
2
0
2
3
2
2*3
0
1
3
4
2
0
3
4
0
4
0
3
4
1
2*0
4
0
1
0
1
4
2
0
3
2*1
4
2
2*1
3*4
0
2*3
1
0
2
3
2*0
2
4
2*2
3
0
2*2
3
4
2*2
4
0
2
2*0
2
3
4
2
0
2
3
1
2*4
2
1
3
4
3
0
1
4
2
3
0
4
3
4
3
4
2*2
4
3*3
2*4
3*1
3*3
4
0
3
2
0
3
2*2
0
3
3*0
2*2
2*3
2
3
2*1
0
2
4
1
3
4
2*0
4
0
2
3
1
3
2
1
4
1
4
0
4
1
4
1
2
2*1
0
3*2
0
1
0
2
4
1
4
0
2
4
1
0
2
4
2
0
3
2*4
0
2
1
0
2
2*3
2*4
2*3
2
4
3
2*1
3
1
2*2
0
1
4
3
2
4
2*2
0
2
2*1
2
4
1
3
2*1
2*4
2
4
0
3
1
4
2
1
2
4
3
1
2
0
2
1
4
3
1
3
0
3
2*4
2
2*0
4
2
2*1
0
1
2
1
0
1
2*4
2
1
3
4
2
4
0
4
1
3
1
0
1
4
1
0
3
1
2*2
0
4
2
1
3
4
3*1
3
0
2
3
2*2
4
0
1
0
1
0
1
0
4
2
0
3
2*2
0
3
2
0
1
4
valor:
330.59
80.21
471.89
314.87
388.33
337.51
197.99
551.91
658.84
650.42
453.24
55.02
346.96
903.49
631.34
791.98
663.79
592.38
583.95
380.79
307.84
873.72
792.41
478.19
910.69
292.28
109.79
656.54
556.62
534.67
223.37
515.16
859.24
913.09
67.29
140.86
968.05
253.51
19.21
787.12
519.78
983.11
904.89
840.0
672.09
175.94
752.22
346.6
873.12
599.57
304.08
455.55
789.16
236.41
130.09
198.51
838.26
183.14
944.84
281.46
476.29
281.99
870.29
163.87
680.76
400.92
817.91
552.77
434.52
764.69
222.21
722.71
54.96
288.26
406.18
479.37
528.47
618.9
792.07
749.51
70.29
267.91
901.36
960.89
435.88
174.51
394.19
217.57
87.08
557.31
504.09
140.53
200.17
855.91
198.32
801.79
874.87
836.83
77.77
334.65
893.2
259.5
231.76
406.3
948.69
959.55
259.62
45.5
439.2
82.68
421.41
102.2
756.64
514.87
161.19
981.58
598.5
618.58
667.06
363.17
144.24
971.68
374.31
576.27
51.6
719.47
519.61
706.02
336.63
606.29
961.49
43.45
115.84
791.8
239.59
798.91
114.78
811.27
754.05
204.91
245.95
381.05
434.51
697.95
236.43
953.95
704.09
637.32
278.99
262.31
853.1
252.2
346.51
226.91
161.16
612.27
272.69
938.6
975.47
451.01
867.32
851.59
744.71
234.98
165.33
232.34
672.76
946.64
964.21
380.72
370.85
183.71
962.3
887.5
424.52
12.8
380.18
944.93
965.57
243.67
480.4
90.61
368.61
234.05
382.58
344.82
435.87
517.44
42.03
852.0
382.68
423.29
540.76
465.56
306.59
858.11
561.16
385.82
141.05
996.3
249.36
541.69
991.57
551.29
377.75
881.3
631.17
896.73
321.04
668.75
388.77
39.47
80.08
355.81
232.17
696.32
595.58
275.44
313.25
979.99
846.01
449.8
788.14
214.88
456.59
845.2
416.34
946.0
134.84
652.42
793.35
170.19
509.88
613.37
233.19
482.2
656.49
617.86
803.17
407.84
992.56
726.61
843.28
170.66
302.13
946.86
929.69
489.28
40.52
147.7
785.18
88.15
971.17
102.0
241.04
364.35
458.73
984.47
163.74
509.85
961.95
840.62
86.63
942.37
582.32
964.85
694.18
294.94
174.1
84.01
675.43
909.38
945.85
413.63
280.26
511.76
374.68
538.14
764.72
146.09
334.31
997.17
471.68
436.19
941.13
936.31
451.82
686.9
100.51
177.64
968.07
620.57
874.8
751.53
298.39
385.75
170.86
822.76
752.62
404.6
232.23
569.01
272.28
53.6
549.59
730.53
436.55
219.33
784.03
489.01
387.17
610.39
901.78
847.95
347.15
870.95
393.15
737.1
866.27
694.46
692.18
811.6
609.99
933.48
399.57
931.12
606.15
869.91
537.78
510.17
530.66
846.03
35.97
784.06
948.39
148.75
454.79
637.86
172.03
540.33
453.68
486.06
555.61
783.78
315.88
135.89
202.3
546.64
227.01
671.52
538.25
248.7
691.1
601.46
665.3
23.52
997.6
509.99
874.0
233.67
17.64
409.97
103.47
805.84
166.34
297.02
424.17
679.18
140.49
725.32
82.23
770.51
991.93
810.57
971.6
376.63
336.24
940.79
298.64
72.57
287.22
113.4
643.43
595.69
394.36
226.14
829.37
461.5
251.79
328.26
980.62
760.58
982.3
571.57
851.55
424.91
884.95
599.33
664.59
461.44
960.22
475.33
968.4
835.54
324.68
530.17
151.54
899.02
913.99
967.56
664.66
441.42
761.52
77.54
983.61
119.64
72.41
889.7
575.98
403.78
641.96
131.17
392.1
715.74
655.71
851.7
170.71
719.03
985.29
977.73
883.1
764.96
958.75
637.15
619.89
989.8
380.0
318.46
106.55
431.68
421.06
459.69
825.77
108.48
172.57
637.99
276.98
746.79
977.23
173.31
587.75
166.01
359.79
678.2
805.26
995.67
726.61
63.61
211.32
346.14
852.97
743.56
779.46
52.89
956.1
112.46
100.75
705.93
990.09
672.75
512.11
874.5
62.67
522.05
878.3
204.14
537.61
762.3
513.52
342.67
708.01
484.53
221.63
167.96
381.51
876.62
915.06
177.4
16.54
724.25
703.92
491.32
122.95
287.99
576.44
522.05
378.71
333.7
33.65
584.38
qtd:
33*1
59*10
59*2
60*3
45*4
39*5
44*6
56*7
50*8
55*9
ativo:
3*True
2*False
True
2*False
True
False
True
5*False
2*True
2*False
True
2*False
3*True
False
3*True
2*False
True
False
True
False
3*True
2*False
5*True
3*False
True
2*False
4*True
3*False
True
3*False
True
False
2*True
2*False
True
4*False
2*True
False
2*True
False
True
2*False
4*True
False
True
False
True
False
True
2*False
True
False
2*True
False
True
False
4*True
False
2*True
4*False
3*True
False
True
5*False
True
False
True
False
True
False
True
False
2*True
4*False
2*True
False
3*True
False
3*True
2*False
4*True
7*False
True
False
True
False
True
4*False
2*True
False
True
2*False
True
4*False
True
False
3*True
2*False
True
3*False
True
7*False
True
2*False
True
False
True
2*False
5*True
False
6*True
3*False
2*True
5*False
True
2*False
8*True
False
2*True
False
True
False
True
2*False
True
False
2*True
False
True
False
True
False
3*True
False
True
10*False
True
2*False
True
4*False
True
3*False
True
False
True
3*False
4*True
False
True
False
True
False
True
False
3*True
6*False
2*True
2*False
3*True
5*False
True
False
True
3*False
True
False
2*True
3*False
2*True
False
5*True
3*False
True
False
2*True
3*False
2*True
False
4*True
5*False
True
5*False
2*True
False
4*True
2*False
True
False
3*True
False
2*True
False
True
2*False
True
2*False
True
False
True
False
True
2*False
True
False
True
3*False
True
False
True
3*False
2*True
False
True
2*False
True
5*False
2*True
False
True
False
True
False
True
False
2*True
False
True
3*False
True
False
2*True
False
True
False
True
7*False
True
2*False
2*True
2*False
2*True
False
4*True
False
2*True
False
3*True
False
True
3*False
2*True
4*False
2*True
False
4*True
2*False
True
