# TCF v0.4 lv=smart
## mixed-relational n=800 pk_eliminated=pedido_id sort_by=produto_nome
cliente_id:
15
8
23
24
18
22
3
38
37
24
11
37
23
34
20
40
29
46
20
15
29
1
13
48
31
1
26
43
19
47
2*10
5
48
45
22
12
6
38
42
43
40
31
6
3
25
5
28
41
33
28
20
25
38
15
34
43
34
39
32
14
25
6
43
26
33
19
3
22
30
6
17
31
1
2
6
8
2
27
24
19
37
12
2*46
31
21
48
3
48
1
21
49
29
36
25
17
37
20
35
48
6
42
40
31
30
31
4
22
45
13
44
4
11
17
33
27
8
22
24
50
42
4
42
7
18
25
38
12
8
11
15
32
29
43
24
8
25
20
44
1
25
41
13
23
46
35
16
7
8
47
28
47
29
4
22
43
1
43
27
25
8
29
5
45
32
12
19
23
25
11
8
21
48
22
32
19
25
49
9
38
17
18
26
5
43
33
24
39
24
1
8
16
49
12
5
39
24
1
33
17
22
36
4
25
17
23
37
7
41
44
19
37
2*45
39
12
17
45
2*34
2*6
22
20
11
13
41
8
34
12
32
21
7
34
32
3
42
21
23
30
48
15
34
43
40
43
6
35
45
29
39
34
28
15
39
8
13
11
22
21
12
36
34
4
8
26
13
29
16
28
2*4
22
1
4
26
15
39
50
8
36
34
28
49
27
15
33
20
23
20
17
22
2
31
15
43
49
12
15
25
29
47
20
21
31
25
21
41
28
7
25
44
2*41
23
48
27
50
6
3
6
48
15
5
50
33
37
21
2
50
32
41
31
4
29
3
47
35
44
47
38
12
2*13
27
26
25
16
4
7
30
44
15
41
4
34
2*21
11
4
49
40
35
13
41
2
32
6
22
2*1
48
20
48
24
38
16
41
9
38
2*27
2
38
49
42
24
7
25
49
9
6
24
42
31
10
39
9
8
2
39
47
7
19
6
28
23
41
50
44
45
2
30
50
39
45
6
28
1
40
31
1
3
25
47
46
29
23
18
30
27
48
46
35
46
40
32
13
48
4
36
24
40
33
29
24
49
25
7
50
6
28
39
25
13
18
48
23
47
11
25
36
1
41
28
50
22
38
22
48
24
4
22
21
32
6
44
27
18
45
40
30
34
46
38
43
27
18
5
36
48
31
39
2
19
6
47
1
24
38
44
43
46
25
35
1
46
18
25
39
45
1
40
3
50
35
24
20
2
27
7
34
29
12
26
35
22
20
16
19
4
39
6
17
10
39
27
28
24
32
5
9
4
24
49
45
40
45
9
8
33
24
43
18
36
23
25
40
26
30
32
45
14
5
20
44
45
43
49
35
2
12
20
49
33
28
20
49
35
44
18
40
31
15
22
49
36
20
12
22
20
12
19
46
42
23
42
24
16
37
31
39
40
31
10
40
5
12
32
45
42
33
10
7
49
50
35
4
15
36
2
44
8
50
10
27
45
46
45
5
7
28
49
35
3
45
21
27
24
48
15
23
32
48
50
37
30
3
41
5
33
16
1
29
32
21
42
13
38
39
26
37
48
17
13
22
41
21
30
14
36
50
7
2
12
34
19
2*32
13
4
24
32
3
10
9
6
40
30
44
20
31
45
42
43
23
7
40
49
24
9
31
13
18
38
32
48
45
48
23
32
2
44
6
19
16
8
46
19
14
44
48
2*8
9
41
35
10
3
43
48
26
35
38
12
30
47
2
8
46
25
9
18
37
46
48
8
34
30
13
26
4
49
19
2
32
33
38
45
31
45
21
24
39
19
2
34
17
41
5
8
39
24
5
31
32
29
22
9
23
13
38
43
47
3
43
29
27
21
5
11
16
28
10
22
21
19
49
48
cliente_nome: dict=Cliente_000,Cliente_001,Cliente_002,Cliente_003,Cliente_004,Cliente_005,Cliente_006,Cliente_007,Cliente_008,Cliente_009,Cliente_010,Cliente_011,Cliente_012,Cliente_013,Cliente_014,Cliente_015,Cliente_016,Cliente_017,Cliente_018,Cliente_019,Cliente_020,Cliente_021,Cliente_022,Cliente_023,Cliente_024,Cliente_025,Cliente_026,Cliente_027,Cliente_028,Cliente_029,Cliente_030,Cliente_031,Cliente_032,Cliente_033,Cliente_034,Cliente_035,Cliente_036,Cliente_037,Cliente_038,Cliente_039,Cliente_040,Cliente_041,Cliente_042,Cliente_043,Cliente_044,Cliente_045,Cliente_046,Cliente_047,Cliente_048,Cliente_049
2
8
2*35
17
25
15
9
47
24
48
14
28
43
2*18
0
38
4
38
3
25
9
25
31
40
19
32
16
11
40
0
13
37
13
29
7
21
19
40
13
48
46
39
12
28
6
7
27
38
3
26
7
32
31
37
10
36
2*18
46
27
10
33
26
0
2
36
12
31
8
11
27
0
18
27
16
6
2
37
20
3
32
33
27
13
24
14
24
25
21
42
15
40
38
2*7
13
26
47
35
46
45
35
43
20
45
41
17
49
19
20
17
34
40
12
21
48
45
10
29
48
21
26
39
35
11
12
44
23
2*1
11
40
37
0
48
14
37
43
22
8
47
12
23
17
42
29
34
31
30
12
22
47
44
22
7
48
11
9
30
5
47
7
49
3
24
49
9
38
15
20
46
19
38
45
2
30
28
47
12
6
12
10
24
15
39
40
10
21
43
31
18
41
43
0
40
35
36
6
48
36
13
6
40
23
18
11
29
39
30
4
8
42
8
33
1
17
1
20
49
25
1
11
33
18
12
19
24
2*12
19
48
28
32
11
38
25
10
5
6
42
45
43
3
36
28
3
8
46
35
5
30
41
5
13
22
7
40
8
33
1
17
46
27
9
14
27
22
23
7
40
42
19
10
41
43
2*38
29
18
10
28
47
37
11
8
49
43
3
36
31
37
18
22
7
34
38
21
12
18
24
21
10
43
42
49
9
46
2*42
1
48
40
0
41
14
15
21
40
39
9
19
46
40
49
43
8
20
5
37
31
13
43
44
30
37
3
2
34
14
40
28
43
32
28
2
38
17
19
27
32
29
27
2
26
7
12
17
36
41
21
10
32
11
22
30
48
44
10
2*25
23
9
38
44
15
30
45
33
16
3
30
45
12
25
29
24
46
36
37
28
7
49
44
37
46
47
7
43
11
7
33
25
28
23
21
17
4
9
22
43
3
8
31
42
35
2
41
25
39
19
31
8
43
38
26
10
4
9
10
34
9
25
8
2
14
2*4
10
31
3
45
39
13
43
0
41
36
7
19
6
10
2*27
47
40
17
40
46
1
29
10
39
20
35
3
43
15
46
26
3
42
4
31
43
7
38
23
18
25
24
11
39
36
35
39
20
38
19
3
49
17
36
4
12
2*23
7
42
14
30
5
34
41
35
22
8
13
35
6
45
22
27
23
27
8
24
36
9
29
34
41
18
22
7
1
24
32
9
12
25
27
18
43
41
31
14
28
7
1
30
2*19
20
2
3
2*5
46
43
22
19
17
12
16
20
5
31
19
37
15
29
39
36
31
34
4
9
7
20
15
2*13
9
12
26
20
41
27
21
7
28
46
44
13
5
48
18
16
6
43
0
42
29
32
0
33
11
13
31
2
0
5
29
38
25
2
10
13
6
5
25
16
7
4
19
36
25
11
31
5
14
0
29
47
43
47
28
13
21
29
26
41
24
44
46
42
19
28
0
21
6
34
33
30
38
2
35
23
19
1
31
26
31
9
31
12
35
48
25
16
46
32
37
48
3
17
45
3
28
13
48
4
38
3
31
17
0
12
30
24
47
43
38
49
28
43
10
31
20
39
19
11
12
33
26
39
10
17
23
21
2
1
26
19
40
29
23
37
49
0
36
11
41
32
10
42
47
18
8
27
0
21
6
12
40
44
49
9
44
19
11
29
27
42
49
28
16
38
30
31
23
1
24
37
32
25
1
21
39
7
8
22
28
23
29
34
12
7
17
27
17
3
4
24
48
5
33
7
38
31
11
19
2*22
32
5
13
41
12
42
36
10
5
29
30
4
15
35
42
16
43
5
16
14
33
35
27
13
produto_id:
14
2*7
2
9
19
5
2*19
12
18
1
14
12
16
6
8
7
4
2*20
11
7
10
4
11
6
8
7
10
20
8
20
12
20
14
12
15
20
1
9
15
17
11
4
15
18
16
3
4
13
6
9
10
12
5
6
17
5
13
8
6
19
20
11
8
19
16
18
1
17
15
13
6
7
4
2*2
9
15
2
18
2
3
14
15
9
14
11
6
7
16
20
1
16
9
10
6
2*11
20
17
6
17
2
18
12
2*9
16
13
8
5
10
16
2*6
11
14
19
16
5
1
16
20
19
1
4
19
3
2*20
17
20
2
4
7
13
16
18
7
4
20
2*15
18
19
13
10
6
3
9
5
9
17
3
9
5
16
10
9
20
7
9
16
14
12
2
1
11
17
2
19
20
2*15
17
20
15
3
19
1
20
4
7
15
14
1
14
9
17
1
2*2
14
5
11
16
14
17
15
5
2
14
18
13
10
4
20
13
16
4
10
5
12
11
17
18
2
14
19
9
2*7
11
5
10
3
19
14
2
20
13
15
1
15
5
13
10
2*3
7
10
5
3
15
6
20
11
14
3
5
14
2
15
10
3
1
2*4
19
9
14
9
12
5
8
14
6
2*8
5
11
16
19
8
20
8
1
16
1
15
14
8
7
16
5
20
15
8
13
3
13
9
15
18
20
19
18
15
7
17
11
7
15
18
9
10
13
1
2
20
17
5
12
10
3
7
1
3
2
17
19
10
15
11
14
15
10
5
19
17
14
2*8
5
6
12
15
20
2
11
8
11
15
6
1
17
2*4
6
17
18
6
8
10
1
7
5
2
12
8
18
11
13
2
2*12
3
20
9
7
14
5
16
13
7
11
17
18
8
10
19
2
2*18
12
16
13
1
2
16
17
5
1
2
1
13
9
11
7
2*10
4
13
18
13
7
13
15
10
7
2*3
4
1
10
18
2
7
4
20
12
2*5
15
8
10
20
3
10
19
15
6
16
11
15
20
16
3
18
1
14
15
5
4
3
17
6
3
10
19
6
2*11
1
7
2
20
14
5
3
16
17
13
15
13
10
16
2
7
4
12
19
2*4
5
8
3
16
7
10
6
2*5
17
14
2*9
3
10
11
19
13
15
5
13
16
3
13
4
12
15
2*6
20
6
11
19
2*13
5
10
2
10
7
13
3
10
16
20
12
11
6
13
8
2
4
2*10
3
20
3
15
4
8
4
5
16
20
11
1
19
2*20
17
13
12
4
20
18
2
12
4
2*5
16
19
11
10
7
12
2*4
9
18
10
7
19
14
2
10
9
6
18
16
4
19
4
18
9
17
4
20
8
2*10
15
19
13
1
3*18
6
2
20
11
13
19
17
5
19
8
17
5
6
5
1
19
15
1
7
10
9
17
6
16
9
2
2*15
5
6
5
15
12
3
17
15
7
2
12
1
7
20
7
15
2*20
2*14
9
18
10
5
18
8
13
3
10
16
6
4
17
7
2*19
20
1
16
20
2
4
3
16
11
5
2*12
2
8
12
14
2*4
3
2*14
3
4
14
19
18
2*6
12
14
13
16
18
11
16
11
6
15
1
12
19
20
6
8
5
3
6
16
3
9
4
20
2
4
10
14
3
17
9
5
13
7
20
5
14
8
1
14
20
9
10
2
20
1
20
13
14
3
8
19
6
7
12
4
12
16
11
4
9
12
14
8
18
9
2*10
7
5
15
13
4
9
4
10
7
4
5
6
20
16
19
7
4
20
16
1
14
20
19
18
15
1
3
19
11
17
16
17
6
13
6
7
9
4
8
10
8
19
12
9
8
13
produto_nome: dict=Prod-000,Prod-001,Prod-002,Prod-003,Prod-004,Prod-005,Prod-006,Prod-007,Prod-008,Prod-009,Prod-010,Prod-011,Prod-012,Prod-013,Prod-014,Prod-015,Prod-016,Prod-017,Prod-018,Prod-019
33*0
35*1
33*2
52*3
48*4
40*5
36*6
44*7
34*8
41*9
34*10
32*11
54*12
42*13
40*14
47*15
43*16
41*17
37*18
34*19
qtd:
3
5
2
5
1
5
2
2*4
3
1
5
2
4
2
1
3
2
2*4
1
4
1
2
1
3
3*5
3
1
2
3
2*1
5
2
1
3
4
2
1
4
2*5
2*1
4
5
4
2
5
3
2
3
2
4
2
5
3
2
2*1
5
2
3
2
1
2*4
3
4
2*5
2*1
3
2*4
1
5
1
2*3
1
3
1
2*2
1
2
3
1
4
2*3
1
5
1
2
4
2
1
2
2*4
5
1
3
5
2*3
4
1
3
5
2
4
2
1
2
3
2*4
5
2
4
1
4
5
2
3
4
2*2
1
2
1
5
4
2
3*1
4
2
4
2*5
2
5
1
3
2
4
3
2
4
2*2
5
4
1
4
2*2
4
3
5
3
5
4
2
2*3
5
1
2
2*3
5
4
2*5
2
2*4
2*3
2*2
2*3
2
2*3
2
1
2
2*1
3*2
5
3
1
3
5
1
2
2*3
2
1
3
5
1
4
3
4
2
4
2*1
3
2
1
2
4
2
4
3
2
5
2
4
2*1
4
4*1
2*2
2*5
1
2
4
2*3
2
3
4
3
1
3
4
3
2
5
1
2*2
2*4
3*1
2
3
3*5
2*1
5
2
4
5
2
2*3
1
3
2*5
2
2*5
4
2*5
4
3
4
2
4
3
5
2
4
5
2
3
4
1
3
2*1
2
1
3
4
3
1
3
2
5
4
1
2
4
2
1
2*3
5
4
5
3
2
5
2*2
5
1
5
4
2
1
3
2*2
1
4
2
3
4
3
5
2*1
4
1
3
2*5
2
5
2
4
5
2*3
5
1
3
1
2*3
2
5
1
2*5
4
2
4
2
5
4
2
3
4
2*5
1
4
2
3
4
1
2
2*4
5
4
3
1
2
2*5
2*1
2
5
2
1
4
2*5
2*1
3
2*4
2*1
3
2
5
2*2
1
4
1
2
5
1
2
2*4
2
1
5
2*2
1
3
2
4
5
4
1
4
3
1
4
2*2
3
2
2*5
2
3
2*2
4
1
2
4
2*3
3*1
2
3
2
1
3
2*4
3*2
4
3
1
4
5
3
2
1
3
1
4
2
5
2
3
2*2
2*4
5
1
4
3
1
2*4
3
5
1
5
2*1
5
2
4
2*3
5
3
2
3*5
4
2
4
1
3
5
4
3
5
3
1
2*5
2*4
2
1
2*2
4
1
2
3
2
4
3*1
4
2
4
1
5
4
5
2*2
1
3*3
2*1
5
1
3
1
3*4
3
1
4
5
4
3
1
3
4
5
2
5
2
5
3
2
3
4
2
3
2
3
5
3
2
3*4
2*2
1
5
4
2*1
5
4
2
2*3
1
3*4
2*5
3
1
4
5
3*4
2*2
2*1
4
2
3
5
2*1
2*4
1
5
3
1
3
5
4
5
1
5
1
4
5
2
4*1
5
2
5
2
3
4
2
5
2*1
2
5
4
3*1
2*4
2*3
5
2*2
2*5
3
5
1
2
2*5
2*4
2*1
4
2
2*1
2*2
5
2
5
3*1
3*4
2
5
2
3*3
1
4
2*1
3
3*4
2*2
3
1
2
3
2
2*1
2*5
3
2*4
3
4
2
3
1
2*2
4
3*1
3
5
1
3
5
1
5
4
5
3
2
1
2*3
4
2*2
4
1
2*4
3*3
2*4
2
2*1
5
1
4
2*3
4
3
5
3
4
1
3
5
2
4
2
2*3
4
2*5
1
5
1
2
1
valor_unit:
475.35
383.87
346.56
411.27
303.89
355.26
318.17
490.19
234.56
175.74
462.49
325.32
147.57
77.06
75.36
467.09
341.87
492.21
218.81
195.04
387.34
110.32
431.52
409.11
136.71
437.35
199.18
288.63
199.84
85.64
479.02
216.43
97.93
385.41
287.83
153.18
457.11
262.69
269.84
136.89
60.78
371.51
267.91
472.93
298.62
92.55
169.77
181.48
174.16
400.5
451.74
480.76
235.09
370.9
248.95
256.02
258.69
251.47
163.47
80.59
429.11
181.01
372.99
227.08
334.77
217.68
371.65
160.72
286.06
60.88
129.77
489.81
116.79
444.02
436.54
388.47
335.46
340.66
238.19
237.1
476.19
259.14
218.16
160.83
35.79
340.03
489.99
102.45
35.69
340.3
479.58
13.74
73.09
39.64
72.64
19.68
49.12
132.1
42.96
73.92
241.32
390.47
61.51
273.55
31.63
92.21
243.36
87.96
328.9
269.98
245.82
117.75
232.0
205.26
258.7
377.55
81.5
59.61
350.75
360.7
358.21
247.97
489.85
313.23
25.77
382.67
188.39
299.61
350.83
384.44
150.6
122.02
285.71
44.51
263.56
65.42
431.69
91.99
177.71
11.88
146.03
67.43
295.35
471.2
38.52
115.85
473.1
72.96
443.8
55.36
216.59
43.52
206.61
57.85
415.8
421.17
140.45
267.97
279.93
10.74
435.79
329.92
100.58
88.19
75.83
464.3
361.31
145.77
144.3
312.87
344.45
436.48
432.32
334.43
362.88
432.32
188.88
254.86
49.21
467.11
131.86
329.16
456.63
212.11
158.33
411.11
14.81
304.69
496.26
140.46
75.62
116.92
463.99
386.21
314.26
78.15
194.68
34.49
237.53
295.65
485.98
93.54
32.26
337.68
304.82
395.45
349.05
150.81
36.66
440.42
336.72
60.45
117.26
62.87
139.97
19.24
252.11
482.07
396.55
369.75
460.6
482.7
390.85
374.78
18.81
385.31
443.26
339.07
382.66
130.17
133.38
389.05
404.01
180.1
140.7
98.49
267.59
402.65
143.66
132.68
459.14
92.65
63.51
232.39
444.19
342.35
368.51
320.85
298.58
182.41
372.06
239.93
398.85
139.99
352.12
94.28
94.42
108.57
82.73
484.97
229.88
415.7
254.89
496.02
322.07
268.61
120.69
227.74
446.88
12.94
181.51
50.42
238.67
361.78
349.88
62.51
76.04
182.83
142.67
76.14
352.6
25.15
307.22
219.95
179.59
64.08
67.05
287.27
206.6
325.8
372.73
65.53
112.91
228.23
113.75
132.62
153.1
256.77
102.01
113.2
331.49
295.8
271.96
92.34
244.85
109.76
334.64
341.59
63.81
27.85
98.1
138.71
42.19
70.49
92.48
344.95
6.42
374.76
85.57
404.7
8.93
260.89
316.5
21.85
347.65
391.46
36.37
96.33
52.44
177.18
181.27
175.09
324.79
184.68
195.42
345.3
254.35
180.46
433.65
442.14
268.54
58.38
182.75
373.88
8.68
255.5
356.0
239.25
334.83
143.88
184.97
426.98
253.43
263.14
488.45
147.95
345.09
268.48
126.19
18.51
220.16
82.61
486.74
448.51
247.84
267.16
73.81
362.46
172.11
484.87
468.48
290.03
308.4
263.93
407.5
66.92
415.58
89.77
203.99
50.95
493.54
95.62
228.93
53.88
167.2
295.54
308.45
40.26
101.56
297.08
329.04
108.83
483.31
76.35
82.16
80.01
480.79
307.69
209.81
363.58
461.53
139.39
385.89
326.48
343.02
421.38
488.05
20.89
21.19
7.13
18.93
253.87
152.5
219.3
145.72
329.81
8.91
363.92
422.95
440.65
229.77
187.57
212.48
316.77
319.5
142.67
94.97
81.48
183.44
95.03
289.47
489.23
134.32
353.43
224.71
189.59
166.55
242.84
11.33
172.62
161.66
181.74
80.05
388.82
492.73
414.6
279.57
261.85
277.52
275.28
473.18
138.17
353.5
499.73
262.28
55.46
330.37
340.72
46.21
451.57
44.1
236.9
173.65
426.99
220.42
116.74
498.0
317.97
397.41
109.78
41.4
235.35
359.4
8.28
231.19
263.72
349.04
61.21
121.84
218.5
369.37
70.46
46.23
323.72
370.07
294.23
450.62
30.68
422.01
416.1
52.44
203.15
326.62
474.6
374.25
322.81
238.0
470.44
354.5
33.33
271.46
40.55
318.01
199.93
46.21
298.19
9.39
364.37
444.16
139.39
59.47
349.58
101.47
108.37
429.22
36.91
228.19
37.14
495.19
46.91
94.0
459.43
174.68
74.09
259.55
142.87
194.9
496.01
160.11
162.73
95.04
133.78
308.86
454.07
13.87
99.5
155.31
459.42
76.45
64.83
210.39
457.3
46.53
55.4
460.9
376.52
124.96
493.5
84.32
277.18
168.03
192.65
270.53
277.31
310.15
150.97
348.24
291.05
216.64
214.12
128.79
111.99
343.82
56.13
448.77
23.34
187.23
44.68
346.13
62.7
286.18
282.11
130.88
440.34
98.52
240.84
407.35
313.79
288.36
5.5
126.73
183.93
66.79
125.36
110.5
187.97
179.03
397.0
139.57
229.53
363.98
448.72
65.91
290.65
400.24
424.93
152.68
172.82
73.07
208.02
404.95
315.46
357.5
343.62
368.24
386.33
76.22
238.25
62.45
143.19
46.13
85.09
303.57
328.64
119.26
104.96
71.57
427.9
485.58
85.96
423.69
316.04
316.63
347.44
15.8
14.72
312.81
90.78
81.38
374.52
301.88
460.38
140.14
494.69
167.78
97.41
496.23
38.78
357.7
209.5
144.7
257.38
466.78
270.43
362.67
237.04
262.72
200.83
98.98
364.8
165.34
99.15
174.71
344.32
237.73
150.12
225.4
391.74
357.71
359.33
77.95
337.42
185.32
475.09
61.4
64.54
472.06
443.49
359.25
90.05
198.36
215.99
319.31
328.99
475.78
298.73
271.8
156.07
242.43
449.76
94.69
351.58
188.94
86.93
10.38
496.18
476.26
135.1
26.73
305.95
108.09
30.11
193.0
338.04
483.92
371.82
99.99
113.54
47.8
398.27
282.58
326.27
157.5
340.15
356.57
116.14
147.24
427.12
429.54
23.32
448.68
38.44
323.74
382.42
446.82
394.01
335.0
49.77
405.18
53.17
297.93
39.93
125.89
148.58
168.95
446.34
409.34
15.5
251.96
152.73
92.82
321.23
310.08
123.09
274.54
61.59
262.38
212.44
77.34
96.47
222.63
331.74
383.77
492.95
405.12
140.32
110.14
419.3
278.86
358.75
478.86
249.54
259.0
388.87
26.73
156.26
369.96
368.3
68.07
317.38
195.06
54.22
82.04
241.03
53.22
427.65
304.77
216.39
463.92
209.95
167.07
36.24
315.46
421.53
370.2
7.65
119.79
203.89
12.86
7.12
405.17
91.89
212.25
439.8
87.88
215.92
469.88
265.3
231.62
467.49
26.75
490.8
263.13
80.64
476.13
323.77
257.74
448.8
365.98
113.36
status: dict=cancelado,pago,pendente
2*1
2*2
0
2*2
2*1
2
2*0
2*1
0
2
2*0
1
2
2*1
0
2*1
0
2
0
2
4*1
2
2*0
2
0
1
0
1
0
2
0
2
0
1
0
2
3*1
2
3*0
2
1
3*0
2
0
1
2
0
2*2
1
2
0
1
2*2
1
2
2*1
3*2
2*0
2*1
2
0
2*2
2*1
0
2
1
2
1
0
2*1
3*0
2
0
2*2
0
3*2
0
2*1
2
2*0
2*1
0
2
1
2*2
0
1
0
3*1
2
0
2
3*1
4*0
2*1
2
2*0
2
0
2
1
2*2
3*0
1
2*2
1
2*2
0
1
2*0
3*2
0
1
2
1
2*2
0
2*2
1
2*2
0
1
2
2*1
2*0
1
2
0
2
1
0
5*2
0
2
1
2*2
0
2
0
1
2
2*0
4*1
3*2
1
0
2
1
2
1
2*2
2*0
1
0
1
3*2
2*0
2
1
2
2*0
5*2
2*0
2*2
0
2
1
2
2*0
4*1
0
2
2*1
0
2
0
1
4*0
2*1
2*0
1
2*0
2
3*0
2
3*1
2*2
2*1
2
0
1
2
2*1
0
2
2*0
1
2
2*1
0
1
3*0
1
2
0
2
0
3*1
0
3*1
0
1
4*0
2*2
2*0
1
2*0
2
2*0
2*2
1
0
1
2
2*1
0
1
2
1
5*2
0
1
0
1
0
2
1
2*2
3*0
2
1
2
5*1
2*2
0
1
2*2
2*0
1
0
2
2*1
0
4*1
2*0
1
2*0
2*2
0
1
0
2
2*1
2
1
2
2*0
2
0
1
0
1
2
0
2*2
0
2
1
2
1
4*0
3*1
2
3*0
1
3*0
2
2*0
2
1
0
2
1
2
3*1
2
0
3*1
0
1
0
2
0
2*1
2*0
2*1
2*2
4*0
1
2
3*0
2*1
0
1
2
3*0
1
0
2
2*1
0
2
5*1
2
0
1
2*2
0
2
0
3*2
0
3*1
2*2
2*0
2
1
2
3*0
2
2*0
2
0
3*2
1
2
1
4*2
1
2
1
2*0
1
0
1
0
2*1
0
2*2
1
2*2
0
2*1
2
0
1
2*0
2
0
3*1
0
1
0
1
2*2
2*0
1
0
2*2
1
2*2
3*1
2*2
0
3*2
3*1
2*0
2*1
2
2*1
2*0
2
0
2
1
2
0
1
0
1
2
0
2
1
4*0
2
1
2
2*0
1
2*2
1
2
0
2
0
2*1
2
1
3*0
2*1
2*0
1
2
0
2
0
2
0
1
2
1
2
2*0
2*2
0
2*2
0
1
4*0
1
5*2
0
2*1
0
1
0
2
0
1
2*0
2
0
2
0
1
2
0
1
0
1
0
1
4*0
1
0
2
4*1
3*2
0
2*1
2*0
2*1
0
1
2*2
2*0
2
2*0
2*1
2
1
2
1
2
2*1
3*0
2*2
1
2*0
2
1
0
2*1
2
4*0
2*1
0
2
0
2
1
0
2*1
0
2*1
0
2
0
2
0
1
2
0
2
0
2*1
0
2*1
0
2*1
2*2
3*0
2
1
0
1
0
1
2
0
3*1
